2.890000000000000000e+03 -4.530191690746143696e-04
2.890200668896321076e+03 -4.684066668126235511e-04
2.890401337792642153e+03 -4.841620237297922236e-04
2.890602006688963229e+03 -5.002962297508545264e-04
2.890802675585284305e+03 -5.168206752264176140e-04
2.891003344481605382e+03 -5.337471679957433990e-04
2.891204013377926458e+03 -5.510879512748145803e-04
2.891404682274247534e+03 -5.688557224065443618e-04
2.891605351170568611e+03 -5.870636525277111994e-04
2.891806020066889687e+03 -6.057254071950290975e-04
2.892006688963210763e+03 -6.248551680267527830e-04
2.892207357859531839e+03 -6.444676554074463271e-04
2.892408026755852916e+03 -6.645781523233473820e-04
2.892608695652173992e+03 -6.852025293781205395e-04
2.892809364548495068e+03 -7.063572710628018836e-04
2.893010033444816145e+03 -7.280595033374165359e-04
2.893210702341137221e+03 -7.503270226111441454e-04
2.893411371237458297e+03 -7.731783261770014404e-04
2.893612040133779374e+03 -7.966326441981169681e-04
2.893812709030100450e+03 -8.207099733208433889e-04
2.894013377926421526e+03 -8.454311120073138008e-04
2.894214046822742603e+03 -8.708176976791603963e-04
2.894414715719063679e+03 -8.968922457722461328e-04
2.894615384615384755e+03 -9.236781908109892303e-04
2.894816053511705832e+03 -9.511999296044626462e-04
2.895016722408026908e+03 -9.794828666927629657e-04
2.895217391304347984e+03 -1.008553462152242397e-03
2.895418060200669061e+03 -1.038439281901504252e-03
2.895618729096990137e+03 -1.069169050635296325e-03
2.895819397993311213e+03 -1.100772707534530825e-03
2.896020066889632290e+03 -1.133281464903393432e-03
2.896220735785953366e+03 -1.166727869883560365e-03
2.896421404682274442e+03 -1.201145869423811408e-03
2.896622073578595518e+03 -1.236570878665868567e-03
2.896822742474916595e+03 -1.273039852939999994e-03
2.897023411371237671e+03 -1.310591363551091848e-03
2.897224080267558747e+03 -1.349265677556679699e-03
2.897424749163879824e+03 -1.389104841747201835e-03
2.897625418060200445e+03 -1.430152771035586579e-03
2.897826086956521522e+03 -1.472455341485837121e-03
2.898026755852842598e+03 -1.516060488205905887e-03
2.898227424749163674e+03 -1.561018308343528616e-03
2.898428093645484751e+03 -1.607381169426741474e-03
2.898628762541805827e+03 -1.654988217404465556e-03
2.898829431438126903e+03 -1.703770989254976831e-03
2.899030100334447980e+03 -1.754127015492087938e-03
2.899230769230769056e+03 -1.806118871451559138e-03
2.899431438127090132e+03 -1.859812033463290049e-03
2.899632107023411209e+03 -1.915275024787194136e-03
2.899832775919732285e+03 -1.972579568672486183e-03
2.900033444816053361e+03 -2.031800748796760980e-03
2.900234113712374437e+03 -2.093017177290934505e-03
2.900434782608695514e+03 -2.156311170556757251e-03
2.900635451505016590e+03 -2.221768933028361870e-03
2.900836120401337666e+03 -2.289480749023534156e-03
2.901036789297658743e+03 -2.359541182751764832e-03
2.901237458193979819e+03 -2.432049286509974095e-03
2.901438127090300895e+03 -2.507108817005360146e-03
2.901638795986621972e+03 -2.584828459673269019e-03
2.901839464882943048e+03 -2.665322060732916443e-03
2.902040133779264124e+03 -2.748708866602514456e-03
2.902240802675585201e+03 -2.835113770139521816e-03
2.902441471571906277e+03 -2.924667562976351887e-03
2.902642140468227353e+03 -3.017507193010901534e-03
2.902842809364548430e+03 -3.113776025838885242e-03
2.903043478260869506e+03 -3.213624108610341201e-03
2.903244147157190582e+03 -3.317208434427357244e-03
2.903444816053511659e+03 -3.424693204969103677e-03
2.903645484949832735e+03 -3.536250088534684255e-03
2.903846153846153811e+03 -3.652058470108340837e-03
2.904046822742474887e+03 -3.772305689369717663e-03
2.904247491638795964e+03 -3.897187261786311252e-03
2.904448160535117040e+03 -4.026907077018790360e-03
2.904648829431438116e+03 -4.161677567799268451e-03
2.904849498327759193e+03 -4.301719841249773690e-03
2.905050167224080269e+03 -4.447263763198358588e-03
2.905250836120401345e+03 -4.598547984463643989e-03
2.905451505016722422e+03 -4.755819896255814028e-03
2.905652173913043498e+03 -4.919335499777882648e-03
2.905852842809364574e+03 -5.089359172752314087e-03
2.906053511705685651e+03 -5.266163312982713451e-03
2.906254180602006727e+03 -5.450027836067586340e-03
2.906454849498327803e+03 -5.641239501108535892e-03
2.906655518394648880e+03 -5.840091034557404193e-03
2.906856187290969956e+03 -6.046880018360914488e-03
2.907056856187291032e+03 -6.261907504143474079e-03
2.907257525083612109e+03 -6.485476310454929560e-03
2.907458193979933185e+03 -6.717888955092968239e-03
2.907658862876254261e+03 -6.959445169244585228e-03
2.907859531772575338e+03 -7.210438934829185853e-03
2.908060200668896414e+03 -7.471154981116431837e-03
2.908260869565217490e+03 -7.741864671600900971e-03
2.908461538461538566e+03 -8.022821207642874541e-03
2.908662207357859643e+03 -8.314254071833462878e-03
2.908862876254180719e+03 -8.616362631948940032e-03
2.909063545150501795e+03 -8.929308826394644072e-03
2.909264214046822872e+03 -9.253208854947000961e-03
2.909464882943143948e+03 -9.588123805374867969e-03
2.909665551839465024e+03 -9.934049158299249060e-03
2.909866220735786101e+03 -1.029090313077171692e-02
2.910066889632107177e+03 -1.065851384501065313e-02
2.910267558528428253e+03 -1.103660534419506623e-02
2.910468227424749330e+03 -1.142478252389329818e-02
2.910668896321070406e+03 -1.182251510732933164e-02
2.910869565217391482e+03 -1.222912086669765419e-02
2.911070234113712559e+03 -1.264374838235766962e-02
2.911270903010033635e+03 -1.306535973723627064e-02
2.911471571906354711e+03 -1.349271366455613574e-02
2.911672240802675788e+03 -1.392434980084894525e-02
2.911872909698996864e+03 -1.435857483879973695e-02
2.912073578595317940e+03 -1.479345151911815037e-02
2.912274247491639017e+03 -1.522679153734600443e-02
2.912474916387959638e+03 -1.565615355723053159e-02
2.912675585284280714e+03 -1.607884760029300308e-02
2.912876254180601791e+03 -1.649194710194119839e-02
2.913076923076922867e+03 -1.689230986624609687e-02
2.913277591973243943e+03 -1.727660899237871972e-02
2.913478260869565020e+03 -1.764137456618988797e-02
2.913678929765886096e+03 -1.798304649679569045e-02
2.913879598662207172e+03 -1.829803832648642381e-02
2.914080267558528249e+03 -1.858281116320818771e-02
2.914280936454849325e+03 -1.883395610664480302e-02
2.914481605351170401e+03 -1.904828270994068928e-02
2.914682274247491478e+03 -1.922291020792092631e-02
2.914882943143812554e+03 -1.935535753393302638e-02
2.915083612040133630e+03 -1.944362763446207121e-02
2.915284280936454707e+03 -1.948628136397699551e-02
2.915484949832775783e+03 -1.948249637540579171e-02
2.915685618729096859e+03 -1.943210695596930826e-02
2.915886287625417935e+03 -1.933562169134125930e-02
2.916086956521739012e+03 -1.919421711957064458e-02
2.916287625418060088e+03 -1.900970705600887878e-02
2.916488294314381164e+03 -1.878448888743133871e-02
2.916688963210702241e+03 -1.852146968160708895e-02
2.916889632107023317e+03 -1.822397627358855743e-02
2.917090301003344393e+03 -1.789565443460268412e-02
2.917290969899665470e+03 -1.754036271378674183e-02
2.917491638795986546e+03 -1.716206653736809806e-02
2.917692307692307622e+03 -1.676473768659131336e-02
2.917892976588628699e+03 -1.635226344010615174e-02
2.918093645484949775e+03 -1.592836858048117532e-02
2.918294314381270851e+03 -1.549655226470593450e-02
2.918494983277591928e+03 -1.506004057589568901e-02
2.918695652173913004e+03 -1.462175451628650036e-02
2.918896321070234080e+03 -1.418429234504511860e-02
2.919096989966555157e+03 -1.374992454737816727e-02
2.919297658862876233e+03 -1.332059934893106701e-02
2.919498327759197309e+03 -1.289795654017047988e-02
2.919698996655518386e+03 -1.248334741027301575e-02
2.919899665551839462e+03 -1.207785876158215532e-02
2.920100334448160538e+03 -1.168233923574110711e-02
2.920301003344481614e+03 -1.129742648781308090e-02
2.920501672240802691e+03 -1.092357405991926933e-02
2.920702341137123767e+03 -1.056107710524666066e-02
2.920903010033444843e+03 -1.021009638003987641e-02
2.921103678929765920e+03 -9.870680146497209928e-03
2.921304347826086996e+03 -9.542783810642427311e-03
2.921505016722408072e+03 -9.226287257779769435e-03
2.921705685618729149e+03 -8.921009948528346722e-03
2.921906354515050225e+03 -8.626723906339034409e-03
2.922107023411371301e+03 -8.343164769014282944e-03
2.922307692307692378e+03 -8.070041098076630171e-03
2.922508361204013454e+03 -7.807042146102532998e-03
2.922709030100334530e+03 -7.553844277886481717e-03
2.922909698996655607e+03 -7.310116230142327254e-03
2.923110367892976683e+03 -7.075523379182116490e-03
2.923311036789297759e+03 -6.849731168723074970e-03
2.923511705685618836e+03 -6.632407832167494521e-03
2.923712374581939912e+03 -6.423226526309458451e-03
2.923913043478260988e+03 -6.221866977178594493e-03
2.924113712374582065e+03 -6.028016723887016926e-03
2.924314381270903141e+03 -5.841372033112537943e-03
2.924515050167224217e+03 -5.661638545247565935e-03
2.924715719063545293e+03 -5.488531703190371869e-03
2.924916387959866370e+03 -5.321777006141753530e-03
2.925117056856187446e+03 -5.161110123455547871e-03
2.925317725752508522e+03 -5.006276897453809660e-03
2.925518394648829599e+03 -4.857033258917023422e-03
2.925719063545150675e+03 -4.713145074695238024e-03
2.925919732441471751e+03 -4.574387943295579739e-03
2.926120401337792828e+03 -4.440546951355775485e-03
2.926321070234113904e+03 -4.311416401468676218e-03
2.926521739130434980e+03 -4.186799519828365845e-03
2.926722408026756057e+03 -4.066508150516096043e-03
2.926923076923077133e+03 -3.950362441898544463e-03
2.927123745819398209e+03 -3.838190529495466574e-03
2.927324414715719286e+03 -3.729828218791378380e-03
2.927525083612040362e+03 -3.625118670696467205e-03
2.927725752508360983e+03 -3.523912091798905855e-03
2.927926421404682060e+03 -3.426065431016200868e-03
2.928127090301003136e+03 -3.331442083895519435e-03
2.928327759197324212e+03 -3.239911605461137656e-03
2.928528428093645289e+03 -3.151349432250316607e-03
2.928729096989966365e+03 -3.065636613976227554e-03
2.928929765886287441e+03 -2.982659555077024627e-03
2.929130434782608518e+03 -2.902309766262378687e-03
2.929331103678929594e+03 -2.824483626094664857e-03
2.929531772575250670e+03 -2.749082152503357079e-03
2.929732441471571747e+03 -2.676010784111504393e-03
2.929933110367892823e+03 -2.605179171169855201e-03
2.930133779264213899e+03 -2.536500975864192098e-03
2.930334448160534976e+03 -2.469893681732782120e-03
2.930535117056856052e+03 -2.405278411903508107e-03
2.930735785953177128e+03 -2.342579755850920931e-03
2.930936454849498205e+03 -2.281725604354481463e-03
2.931137123745819281e+03 -2.222646992357135698e-03
2.931337792642140357e+03 -2.165277949377528155e-03
2.931538461538461434e+03 -2.109555357191872371e-03
2.931739130434782510e+03 -2.055418814445278408e-03
2.931939799331103586e+03 -2.002810507900507075e-03
2.932140468227424662e+03 -1.951675090013427205e-03
2.932341137123745739e+03 -1.901959562554580985e-03
2.932541806020066815e+03 -1.853613165980497191e-03
2.932742474916387891e+03 -1.806587274287438372e-03
2.932943143812708968e+03 -1.760835295083112984e-03
2.933143812709030044e+03 -1.716312574619641151e-03
2.933344481605351120e+03 -1.672976307544885022e-03
2.933545150501672197e+03 -1.630785451138538900e-03
2.933745819397993273e+03 -1.589700643807978597e-03
2.933946488294314349e+03 -1.549684127629125108e-03
2.934147157190635426e+03 -1.510699674731011410e-03
2.934347826086956502e+03 -1.472712517326058013e-03
2.934548494983277578e+03 -1.435689281201357748e-03
2.934749163879598655e+03 -1.399597922497067271e-03
2.934949832775919731e+03 -1.364407667595365914e-03
2.935150501672240807e+03 -1.330088955976471699e-03
2.935351170568561884e+03 -1.296613385865313939e-03
2.935551839464882960e+03 -1.263953662553066182e-03
2.935752508361204036e+03 -1.232083549233028985e-03
2.935953177257525113e+03 -1.200977820235343829e-03
2.936153846153846189e+03 -1.170612216527963656e-03
2.936354515050167265e+03 -1.140963403378228436e-03
2.936555183946488341e+03 -1.112008930052019173e-03
2.936755852842809418e+03 -1.083727191452277250e-03
2.936956521739130494e+03 -1.056097391599716828e-03
2.937157190635451570e+03 -1.029099508855033096e-03
2.937357859531772647e+03 -1.002714262798576339e-03
2.937558528428093723e+03 -9.769230826766339693e-04
2.937759197324414799e+03 -9.517080773464858812e-04
2.937959866220735876e+03 -9.270520066296250583e-04
2.938160535117056952e+03 -9.029382540103048083e-04
2.938361204013378028e+03 -8.793508006101069530e-04
2.938561872909699105e+03 -8.562742003718343264e-04
2.938762541806020181e+03 -8.336935563968000951e-04
2.938963210702341257e+03 -8.115944983684009184e-04
2.939163879598662334e+03 -7.899631610173152296e-04
2.939364548494983410e+03 -7.687861635714415831e-04
2.939565217391304486e+03 -7.480505901401590663e-04
2.939765886287625563e+03 -7.277439709913874344e-04
2.939966555183946639e+03 -7.078542646749425016e-04
2.940167224080267715e+03 -6.883698409446553645e-04
2.940367892976588791e+03 -6.692794644523464287e-04
2.940568561872909868e+03 -6.505722791635970559e-04
2.940769230769230944e+03 -6.322377934683542922e-04
2.940969899665552020e+03 -6.142658659463173798e-04
2.941170568561873097e+03 -5.966466917638885148e-04
2.941371237458194173e+03 -5.793528351181465030e-04
2.941571906354515249e+03 -5.623932833195566250e-04
2.941772575250836326e+03 -5.457596991179369805e-04
2.941973244147157402e+03 -5.294434784363089008e-04
2.942173913043478478e+03 -5.134362948852472242e-04
2.942374581939799555e+03 -4.977300893010960792e-04
2.942575250836120176e+03 -4.823170597262338433e-04
2.942775919732441253e+03 -4.671896518196605452e-04
2.942976588628762329e+03 -4.523405496658222669e-04
2.943177257525083405e+03 -4.377626669792161751e-04
2.943377926421404482e+03 -4.234491386642252886e-04
2.943578595317725558e+03 -4.093933127399668193e-04
2.943779264214046634e+03 -3.955887425885207254e-04
2.943979933110367710e+03 -3.820291795320202022e-04
2.944180602006688787e+03 -3.687085657056166088e-04
2.944381270903009863e+03 -3.556210272316479015e-04
2.944581939799330939e+03 -3.427608676605242710e-04
2.944782608695652016e+03 -3.301225616890030023e-04
2.944983277591973092e+03 -3.177007491200339873e-04
2.945183946488294168e+03 -3.054902290754168970e-04
2.945384615384615245e+03 -2.934859544302670376e-04
2.945585284280936321e+03 -2.816830264768532821e-04
2.945785953177257397e+03 -2.700766897916623277e-04
2.945986622073578474e+03 -2.586623273118371369e-04
2.946187290969899550e+03 -2.474354556019214835e-04
2.946387959866220626e+03 -2.363917202999471501e-04
2.946588628762541703e+03 -2.255268917505104387e-04
2.946789297658862779e+03 -2.148368607974154854e-04
2.946989966555183855e+03 -2.043176347446135077e-04
2.947190635451504932e+03 -1.939653334666752160e-04
2.947391304347826008e+03 -1.837761856725850240e-04
2.947591973244147084e+03 -1.737465253056347247e-04
2.947792642140468161e+03 -1.638727880855783692e-04
2.947993311036789237e+03 -1.541515081758398908e-04
2.948193979933110313e+03 -1.445793149762314433e-04
2.948394648829431389e+03 -1.351529300384346488e-04
2.948595317725752466e+03 -1.258691640911441256e-04
2.948795986622073542e+03 -1.167249141794945988e-04
2.948996655518394618e+03 -1.077171609062399504e-04
2.949197324414715695e+03 -9.884296577467033273e-05
2.949397993311036771e+03 -9.009946862838236203e-05
2.949598662207357847e+03 -8.148388518777749390e-05
2.949799331103678924e+03 -7.299350466552501082e-05
2.950000000000000000e+03 -6.462568747997443630e-05
