2.890000000000000000e+03 -1.793782427434706395e-03
2.890200668896321076e+03 -1.819583093247173489e-03
2.890401337792642153e+03 -1.845998088563116646e-03
2.890602006688963229e+03 -1.873045732968203758e-03
2.890802675585284305e+03 -1.900745009675311459e-03
2.891003344481605382e+03 -1.929115593517230498e-03
2.891204013377926458e+03 -1.958177880277633953e-03
2.891404682274247534e+03 -1.987953017419094581e-03
2.891605351170568611e+03 -2.018462936282092168e-03
2.891806020066889687e+03 -2.049730385833919977e-03
2.892006688963210763e+03 -2.081778968045733258e-03
2.892207357859531839e+03 -2.114633174985308672e-03
2.892408026755852916e+03 -2.148318427711966294e-03
2.892608695652173992e+03 -2.182861117076065338e-03
2.892809364548495068e+03 -2.218288646509046502e-03
2.893010033444816145e+03 -2.254629476924945031e-03
2.893210702341137221e+03 -2.291913173833627637e-03
2.893411371237458297e+03 -2.330170456786608002e-03
2.893612040133779374e+03 -2.369433251274831453e-03
2.893812709030100450e+03 -2.409734743215471986e-03
2.894013377926421526e+03 -2.451109436153647847e-03
2.894214046822742603e+03 -2.493593211332835458e-03
2.894414715719063679e+03 -2.537223390773349352e-03
2.894615384615384755e+03 -2.582038803530188609e-03
2.894816053511705832e+03 -2.628079855280601729e-03
2.895016722408026908e+03 -2.675388601436838598e-03
2.895217391304347984e+03 -2.724008823941727331e-03
2.895418060200669061e+03 -2.773986111963167023e-03
2.895618729096990137e+03 -2.825367946670279129e-03
2.895819397993311213e+03 -2.878203790310895904e-03
2.896020066889632290e+03 -2.932545179809384339e-03
2.896220735785953366e+03 -2.988445825106079978e-03
2.896421404682274442e+03 -3.045961712485716066e-03
2.896622073578595518e+03 -3.105151213136578270e-03
2.896822742474916595e+03 -3.166075197200850233e-03
2.897023411371237671e+03 -3.228797153580771628e-03
2.897224080267558747e+03 -3.293383315772266395e-03
2.897424749163879824e+03 -3.359902794017474714e-03
2.897625418060200445e+03 -3.428427714059649467e-03
2.897826086956521522e+03 -3.499033362792572377e-03
2.898026755852842598e+03 -3.571798341122964238e-03
2.898227424749163674e+03 -3.646804724332521064e-03
2.898428093645484751e+03 -3.724138230256704429e-03
2.898628762541805827e+03 -3.803546054808905341e-03
2.898829431438126903e+03 -3.884921110921125964e-03
2.899030100334447980e+03 -3.968896791844707395e-03
2.899230769230769056e+03 -4.055575101167198382e-03
2.899431438127090132e+03 -4.145062654456813100e-03
2.899632107023411209e+03 -4.237470900943084151e-03
2.899832775919732285e+03 -4.332916354978344486e-03
2.900033444816053361e+03 -4.431520837460671547e-03
2.900234113712374437e+03 -4.533411727346885189e-03
2.900434782608695514e+03 -4.638722223339511452e-03
2.900635451505016590e+03 -4.747591615731731884e-03
2.900836120401337666e+03 -4.860165568331992203e-03
2.901036789297658743e+03 -4.976596410257855263e-03
2.901237458193979819e+03 -5.097043437278805933e-03
2.901438127090300895e+03 -5.221673222207130760e-03
2.901638795986621972e+03 -5.350659933688065029e-03
2.901839464882943048e+03 -5.484185662469533151e-03
2.902040133779264124e+03 -5.622440754022753340e-03
2.902240802675585201e+03 -5.765624146045984777e-03
2.902441471571906277e+03 -5.913943709045570152e-03
2.902642140468227353e+03 -6.067616587755508828e-03
2.902842809364548430e+03 -6.226869540687754445e-03
2.903043478260869506e+03 -6.391939274522508152e-03
2.903244147157190582e+03 -6.563072769402086837e-03
2.903444816053511659e+03 -6.740527590427411453e-03
2.903645484949832735e+03 -6.924572179786543658e-03
2.903846153846153811e+03 -7.115486122914335687e-03
2.904046822742474887e+03 -7.313560380954473028e-03
2.904247491638795964e+03 -7.519097480435874004e-03
2.904448160535117040e+03 -7.732411649569413681e-03
2.904648829431438116e+03 -7.953828888831254718e-03
2.904849498327759193e+03 -8.183686961551708827e-03
2.905050167224080269e+03 -8.422335287956252137e-03
2.905250836120401345e+03 -8.670134723637881735e-03
2.905451505016722422e+03 -8.927457200563898576e-03
2.905652173913043498e+03 -9.194685205593175481e-03
2.905852842809364574e+03 -9.472211067912059135e-03
2.906053511705685651e+03 -9.760436022929488975e-03
2.906254180602006727e+03 -1.005976901582386618e-02
2.906454849498327803e+03 -1.037062520328941445e-02
2.906655518394648880e+03 -1.069342410689547163e-02
2.906856187290969956e+03 -1.102858736607954110e-02
2.907056856187291032e+03 -1.137653603300412680e-02
2.907257525083612109e+03 -1.173768734555486609e-02
2.907458193979933185e+03 -1.211245090868148799e-02
2.907658862876254261e+03 -1.250122420828279901e-02
2.907859531772575338e+03 -1.290438737612474573e-02
2.908060200668896414e+03 -1.332229711926149335e-02
2.908260869565217490e+03 -1.375527972337704102e-02
2.908461538461538566e+03 -1.420362303703620599e-02
2.908662207357859643e+03 -1.466756734361180509e-02
2.908862876254180719e+03 -1.514729503047914511e-02
2.909063545150501795e+03 -1.564291897190640823e-02
2.909264214046822872e+03 -1.615446955410081153e-02
2.909464882943143948e+03 -1.668188028939515677e-02
2.909665551839465024e+03 -1.722497199318832883e-02
2.909866220735786101e+03 -1.778343553352361439e-02
2.910066889632107177e+03 -1.835681321107471287e-02
2.910267558528428253e+03 -1.894447888834461385e-02
2.910468227424749330e+03 -1.954561706299540180e-02
2.910668896321070406e+03 -2.015920117257936212e-02
2.910869565217391482e+03 -2.078397152743256121e-02
2.911070234113712559e+03 -2.141841339502673774e-02
2.911270903010033635e+03 -2.206073590128007633e-02
2.911471571906354711e+03 -2.270885256913426214e-02
2.911672240802675788e+03 -2.336036447681028722e-02
2.911872909698996864e+03 -2.401254717952581302e-02
2.912073578595317940e+03 -2.466234268790962886e-02
2.912274247491639017e+03 -2.530635791943788154e-02
2.912474916387959638e+03 -2.594087111791635453e-02
2.912675585284280714e+03 -2.656184774974099799e-02
2.912876254180601791e+03 -2.716496731168453055e-02
2.913076923076922867e+03 -2.774566230081983859e-02
2.913277591973243943e+03 -2.829917028270162449e-02
2.913478260869565020e+03 -2.882059953498797289e-02
2.913678929765886096e+03 -2.930500813581960601e-02
2.913879598662207172e+03 -2.974749561888968136e-02
2.914080267558528249e+03 -3.014330545709321962e-02
2.914280936454849325e+03 -3.048793571084987275e-02
2.914481605351170401e+03 -3.077725425239960511e-02
2.914682274247491478e+03 -3.100761413808050815e-02
2.914882943143812554e+03 -3.117596404200485838e-02
2.915083612040133630e+03 -3.127994828310746989e-02
2.915284280936454707e+03 -3.131799095767433261e-02
2.915484949832775783e+03 -3.128935908969081997e-02
2.915685618729096859e+03 -3.119420055074871578e-02
2.915886287625417935e+03 -3.103355375025752122e-02
2.916086956521739012e+03 -3.080932767392694643e-02
2.916287625418060088e+03 -3.052425262550875068e-02
2.916488294314381164e+03 -3.018180384178206083e-02
2.916688963210702241e+03 -2.978610182837392040e-02
2.916889632107023317e+03 -2.934179463943448196e-02
2.917090301003344393e+03 -2.885392826619774531e-02
2.917290969899665470e+03 -2.832781172903967720e-02
2.917491638795986546e+03 -2.776888336726588552e-02
2.917692307692307622e+03 -2.718258423469357976e-02
2.917892976588628699e+03 -2.657424353253851068e-02
2.918093645484949775e+03 -2.594897977391980026e-02
2.918294314381270851e+03 -2.531162001965076708e-02
2.918494983277591928e+03 -2.466663818947387871e-02
2.918695652173913004e+03 -2.401811225032260411e-02
2.918896321070234080e+03 -2.336969909411148322e-02
2.919096989966555157e+03 -2.272462518605615489e-02
2.919297658862876233e+03 -2.208569059997002315e-02
2.919498327759197309e+03 -2.145528384093751961e-02
2.919698996655518386e+03 -2.083540485013661570e-02
2.919899665551839462e+03 -2.022769374305073004e-02
2.920100334448160538e+03 -1.963346309986910981e-02
2.920301003344481614e+03 -1.905373195815106974e-02
2.920501672240802691e+03 -1.848926001275948139e-02
2.920702341137123767e+03 -1.794058087582536820e-02
2.920903010033444843e+03 -1.740803356874306984e-02
2.921103678929765920e+03 -1.689179169605142111e-02
2.921304347826086996e+03 -1.639188998180435980e-02
2.921505016722408072e+03 -1.590824803215534072e-02
2.921705685618729149e+03 -1.544069132652787363e-02
2.921906354515050225e+03 -1.498896953917980973e-02
2.922107023411371301e+03 -1.455277235948407993e-02
2.922307692307692378e+03 -1.413174301927752619e-02
2.922508361204013454e+03 -1.372548975517622061e-02
2.922709030100334530e+03 -1.333359543828542548e-02
2.922909698996655607e+03 -1.295562559751958082e-02
2.923110367892976683e+03 -1.259113504971516584e-02
2.923311036789297759e+03 -1.223967333235688459e-02
2.923511705685618836e+03 -1.190078911544927009e-02
2.923712374581939912e+03 -1.157403374914590249e-02
2.923913043478260988e+03 -1.125896408433039314e-02
2.924113712374582065e+03 -1.095514468509818651e-02
2.924314381270903141e+03 -1.066214953531699483e-02
2.924515050167224217e+03 -1.037956332640916496e-02
2.924715719063545293e+03 -1.010698240020061617e-02
2.924916387959866370e+03 -9.844015409071732448e-03
2.925117056856187446e+03 -9.590283745612521171e-03
2.925317725752508522e+03 -9.345421785391869185e-03
2.925518394648829599e+03 -9.109076979153821196e-03
2.925719063545150675e+03 -8.880909824561668275e-03
2.925919732441471751e+03 -8.660593742422492691e-03
2.926120401337792828e+03 -8.447814877967148306e-03
2.926321070234113904e+03 -8.242271844120678537e-03
2.926521739130434980e+03 -8.043675420661061670e-03
2.926722408026756057e+03 -7.851748220659537925e-03
2.926923076923077133e+03 -7.666224333498547483e-03
2.927123745819398209e+03 -7.486848952031908977e-03
2.927324414715719286e+03 -7.313377990019076513e-03
2.927525083612040362e+03 -7.145577694799204460e-03
2.927725752508360983e+03 -6.983224259168210879e-03
2.927926421404682060e+03 -6.826103435638497530e-03
2.928127090301003136e+03 -6.674010155598625316e-03
2.928327759197324212e+03 -6.526748155309854138e-03
2.928528428093645289e+03 -6.384129610286851109e-03
2.928729096989966365e+03 -6.245974779173907310e-03
2.928929765886287441e+03 -6.112111657988632263e-03
2.929130434782608518e+03 -5.982375645300838651e-03
2.929331103678929594e+03 -5.856609218764213809e-03
2.929531772575250670e+03 -5.734661623198689107e-03
2.929732441471571747e+03 -5.616388570346880771e-03
2.929933110367892823e+03 -5.501651950274362435e-03
2.930133779264213899e+03 -5.390319554315334272e-03
2.930334448160534976e+03 -5.282264809400694094e-03
2.930535117056856052e+03 -5.177366523545723354e-03
2.930735785953177128e+03 -5.075508642233994561e-03
2.930936454849498205e+03 -4.976580015397913392e-03
2.931137123745819281e+03 -4.880474174687357558e-03
2.931337792642140357e+03 -4.787089120690882216e-03
2.931538461538461434e+03 -4.696327119749842127e-03
2.931739130434782510e+03 -4.608094510045179781e-03
2.931939799331103586e+03 -4.522301516567794888e-03
2.932140468227424662e+03 -4.438862074654124912e-03
2.932341137123745739e+03 -4.357693661708655908e-03
2.932541806020066815e+03 -4.278717136797866027e-03
2.932742474916387891e+03 -4.201856587750733840e-03
2.932943143812708968e+03 -4.127039185466196969e-03
2.933143812709030044e+03 -4.054195045077341186e-03
2.933344481605351120e+03 -3.983257093692446626e-03
2.933545150501672197e+03 -3.914160944386596563e-03
2.933745819397993273e+03 -3.846844776173710678e-03
2.933946488294314349e+03 -3.781249219671649342e-03
2.934147157190635426e+03 -3.717317248188918566e-03
2.934347826086956502e+03 -3.654994073986173042e-03
2.934548494983277578e+03 -3.594227049454473688e-03
2.934749163879598655e+03 -3.534965572982079474e-03
2.934949832775919731e+03 -3.477160999281581066e-03
2.935150501672240807e+03 -3.420766553957774181e-03
2.935351170568561884e+03 -3.365737252113608358e-03
2.935551839464882960e+03 -3.312029820798478852e-03
2.935752508361204036e+03 -3.259602625107729801e-03
2.935953177257525113e+03 -3.208415597755288895e-03
2.936153846153846189e+03 -3.158430171951651100e-03
2.936354515050167265e+03 -3.109609217421892280e-03
2.936555183946488341e+03 -3.061916979410314599e-03
2.936755852842809418e+03 -3.015319020526374683e-03
2.936956521739130494e+03 -2.969782165293026466e-03
2.937157190635451570e+03 -2.925274447255619970e-03
2.937357859531772647e+03 -2.881765058542276603e-03
2.937558528428093723e+03 -2.839224301736768818e-03
2.937759197324414799e+03 -2.797623543968889848e-03
2.937959866220735876e+03 -2.756935173096275449e-03
2.938160535117056952e+03 -2.717132555885182210e-03
2.938361204013378028e+03 -2.678189998095575897e-03
2.938561872909699105e+03 -2.640082706367487264e-03
2.938762541806020181e+03 -2.602786751827422529e-03
2.938963210702341257e+03 -2.566279035332894032e-03
2.939163879598662334e+03 -2.530537254270159853e-03
2.939364548494983410e+03 -2.495539870834277696e-03
2.939565217391304486e+03 -2.461266081717178311e-03
2.939765886287625563e+03 -2.427695789137152005e-03
2.939966555183946639e+03 -2.394809573150441517e-03
2.940167224080267715e+03 -2.362588665168523228e-03
2.940367892976588791e+03 -2.331014922646895693e-03
2.940568561872909868e+03 -2.300070804858604656e-03
2.940769230769230944e+03 -2.269739349743234158e-03
2.940969899665552020e+03 -2.240004151727974235e-03
2.941170568561873097e+03 -2.210849340525185280e-03
2.941371237458194173e+03 -2.182218181387404754e-03
2.941571906354515249e+03 -2.154137502662085979e-03
2.941772575250836326e+03 -2.126594153634898954e-03
2.941973244147157402e+03 -2.099574166598727754e-03
2.942173913043478478e+03 -2.073064017416664795e-03
2.942374581939799555e+03 -2.047050609107148311e-03
2.942575250836120176e+03 -2.021521256108604891e-03
2.942775919732441253e+03 -1.996463669201031799e-03
2.942976588628762329e+03 -1.971865941054806726e-03
2.943177257525083405e+03 -1.947716532368082287e-03
2.943377926421404482e+03 -1.924004258580497284e-03
2.943578595317725558e+03 -1.900718277121710154e-03
2.943779264214046634e+03 -1.877848075189744725e-03
2.943979933110367710e+03 -1.855383458011769515e-03
2.944180602006688787e+03 -1.833314537585992166e-03
2.944381270903009863e+03 -1.811631721875872625e-03
2.944581939799330939e+03 -1.790325704430884013e-03
2.944782608695652016e+03 -1.769387454422982620e-03
2.944983277591973092e+03 -1.748808207080246313e-03
2.945183946488294168e+03 -1.728579454493672785e-03
2.945384615384615245e+03 -1.708692936786326833e-03
2.945585284280936321e+03 -1.689140633628349875e-03
2.945785953177257397e+03 -1.669914756079471374e-03
2.945986622073578474e+03 -1.651007738753249021e-03
2.946187290969899550e+03 -1.632412232275504138e-03
2.946387959866220626e+03 -1.614121096038673153e-03
2.946588628762541703e+03 -1.596127391228885362e-03
2.946789297658862779e+03 -1.578424374121464857e-03
2.946989966555183855e+03 -1.561005489629452292e-03
2.947190635451504932e+03 -1.543864365092642577e-03
2.947391304347826008e+03 -1.526994804303585807e-03
2.947591973244147084e+03 -1.510390781755632794e-03
2.947792642140468161e+03 -1.494046437102727887e-03
2.947993311036789237e+03 -1.477956069828173513e-03
2.948193979933110313e+03 -1.462114134106476393e-03
2.948394648829431389e+03 -1.446515233855666382e-03
2.948595317725752466e+03 -1.431154117972344153e-03
2.948795986622073542e+03 -1.416025675735413381e-03
2.948996655518394618e+03 -1.401124932378192134e-03
2.949197324414715695e+03 -1.386447044823685415e-03
2.949397993311036771e+03 -1.371987297568377784e-03
2.949598662207357847e+03 -1.357741098714934647e-03
2.949799331103678924e+03 -1.343703976146040646e-03
2.950000000000000000e+03 -1.329871573834837117e-03
