2.890000000000000000e+03 -1.120470246094490419e-03
2.890200668896321076e+03 -1.142288707978764140e-03
2.890401337792642153e+03 -1.164626223286724382e-03
2.890602006688963229e+03 -1.187498271948181361e-03
2.890802675585284305e+03 -1.210920893659414577e-03
2.891003344481605382e+03 -1.234910711373840564e-03
2.891204013377926458e+03 -1.259484955897560710e-03
2.891404682274247534e+03 -1.284661491643343534e-03
2.891605351170568611e+03 -1.310458843607253954e-03
2.891806020066889687e+03 -1.336896225619568779e-03
2.892006688963210763e+03 -1.363993569948290796e-03
2.892207357859531839e+03 -1.391771558312340784e-03
2.892408026755852916e+03 -1.420251654383308804e-03
2.892608695652173992e+03 -1.449456137852564441e-03
2.892809364548495068e+03 -1.479408140135099470e-03
2.893010033444816145e+03 -1.510131681803542070e-03
2.893210702341137221e+03 -1.541651711836747318e-03
2.893411371237458297e+03 -1.573994148770560542e-03
2.893612040133779374e+03 -1.607185923857779031e-03
2.893812709030100450e+03 -1.641255026325491584e-03
2.894013377926421526e+03 -1.676230550852655932e-03
2.894214046822742603e+03 -1.712142747362366269e-03
2.894414715719063679e+03 -1.749023073257763294e-03
2.894615384615384755e+03 -1.786904248219520208e-03
2.894816053511705832e+03 -1.825820311687958997e-03
2.895016722408026908e+03 -1.865806683170392888e-03
2.895217391304347984e+03 -1.906900225507476843e-03
2.895418060200669061e+03 -1.949139311242895078e-03
2.895618729096990137e+03 -1.992563892244100798e-03
2.895819397993311213e+03 -2.037215572734674129e-03
2.896020066889632290e+03 -2.083137685892216817e-03
2.896220735785953366e+03 -2.130375374183132720e-03
2.896421404682274442e+03 -2.178975673598843033e-03
2.896622073578595518e+03 -2.228987601971849086e-03
2.896822742474916595e+03 -2.280462251554024600e-03
2.897023411371237671e+03 -2.333452886025710882e-03
2.897224080267558747e+03 -2.388015042139909894e-03
2.897424749163879824e+03 -2.444206636169926616e-03
2.897625418060200445e+03 -2.502088075357150609e-03
2.897826086956521522e+03 -2.561722374535307933e-03
2.898026755852842598e+03 -2.623175278126041454e-03
2.898227424749163674e+03 -2.686515387660723397e-03
2.898428093645484751e+03 -2.751814295020374446e-03
2.898628762541805827e+03 -2.818889365893764709e-03
2.898829431438126903e+03 -2.887668258481121408e-03
2.899030100334447980e+03 -2.958635306161389034e-03
2.899230769230769056e+03 -3.031875436715528171e-03
2.899431438127090132e+03 -3.107477326476315582e-03
2.899632107023411209e+03 -3.185533570777263068e-03
2.899832775919732285e+03 -3.266140860756119868e-03
2.900033444816053361e+03 -3.349400166425695047e-03
2.900234113712374437e+03 -3.435416925899145713e-03
2.900434782608695514e+03 -3.524301240539637337e-03
2.900635451505016590e+03 -3.616168075738043775e-03
2.900836120401337666e+03 -3.711137466897815318e-03
2.901036789297658743e+03 -3.809334730076135989e-03
2.901237458193979819e+03 -3.910890676588410497e-03
2.901438127090300895e+03 -4.015941830681962754e-03
2.901638795986621972e+03 -4.124630649205124344e-03
2.901839464882943048e+03 -4.237105741926899816e-03
2.902040133779264124e+03 -4.353522090897246621e-03
2.902240802675585201e+03 -4.474041266904163483e-03
2.902441471571906277e+03 -4.598831640710135393e-03
2.902642140468227353e+03 -4.728068586308017962e-03
2.902842809364548430e+03 -4.861934672948473035e-03
2.903043478260869506e+03 -5.000619842098347201e-03
2.903244147157190582e+03 -5.144321564854087425e-03
2.903444816053511659e+03 -5.293244974560948335e-03
2.903645484949832735e+03 -5.447602968548265201e-03
2.903846153846153811e+03 -5.607616271914750428e-03
2.904046822742474887e+03 -5.773513455183149068e-03
2.904247491638795964e+03 -5.945530896418291245e-03
2.904448160535117040e+03 -6.123912676978704450e-03
2.904648829431438116e+03 -6.308910398499650851e-03
2.904849498327759193e+03 -6.500782906952884410e-03
2.905050167224080269e+03 -6.699795907646535764e-03
2.905250836120401345e+03 -6.906221452862015830e-03
2.905451505016722422e+03 -7.120337281426247777e-03
2.905652173913043498e+03 -7.342425986881728761e-03
2.905852842809364574e+03 -7.572773988076056395e-03
2.906053511705685651e+03 -7.811670272896475975e-03
2.906254180602006727e+03 -8.059404882621398758e-03
2.906454849498327803e+03 -8.316267100886190478e-03
2.906655518394648880e+03 -8.582543307713089153e-03
2.906856187290969956e+03 -8.858514455416022226e-03
2.907056856187291032e+03 -9.144453119648343620e-03
2.907257525083612109e+03 -9.440620075458650007e-03
2.907458193979933185e+03 -9.747260345235708723e-03
2.907658862876254261e+03 -1.006459866302149286e-02
2.907859531772575338e+03 -1.039283429813868398e-02
2.908060200668896414e+03 -1.073213518088132756e-02
2.908260869565217490e+03 -1.108263127445635599e-02
2.908461538461538566e+03 -1.144440714111219504e-02
2.908662207357859643e+03 -1.181749365700411614e-02
2.908862876254180719e+03 -1.220185884060349252e-02
2.909063545150501795e+03 -1.259739777419443402e-02
2.909264214046822872e+03 -1.300392161812130576e-02
2.909464882943143948e+03 -1.342114574398878268e-02
2.909665551839465024e+03 -1.384867704694210666e-02
2.909866220735786101e+03 -1.428600053945946330e-02
2.910066889632107177e+03 -1.473246538063805594e-02
2.910267558528428253e+03 -1.518727055629789935e-02
2.910468227424749330e+03 -1.564945049657575499e-02
2.910668896321070406e+03 -1.611786099863947441e-02
2.910869565217391482e+03 -1.659116591138448671e-02
2.911070234113712559e+03 -1.706782513426053499e-02
2.911270903010033635e+03 -1.754608457991142095e-02
2.911471571906354711e+03 -1.802396884484007422e-02
2.911672240802675788e+03 -1.849927741674133735e-02
2.911872909698996864e+03 -1.896958531247938673e-02
2.912073578595317940e+03 -1.943224907615800218e-02
2.912274247491639017e+03 -1.988441906021280042e-02
2.912474916387959638e+03 -2.032305885100527815e-02
2.912675585284280714e+03 -2.074497257144633511e-02
2.912876254180601791e+03 -2.114684058602641498e-02
2.913076923076922867e+03 -2.152526384123948366e-02
2.913277591973243943e+03 -2.187681669554032010e-02
2.913478260869565020e+03 -2.219810763451655206e-02
2.913678929765886096e+03 -2.248584674553577578e-02
2.913879598662207172e+03 -2.273691826952194822e-02
2.914080267558528249e+03 -2.294845599440717421e-02
2.914280936454849325e+03 -2.311791875338567448e-02
2.914481605351170401e+03 -2.324316289545369507e-02
2.914682274247491478e+03 -2.332250836026193014e-02
2.914882943143812554e+03 -2.335479496243972330e-02
2.915083612040133630e+03 -2.333942570628404906e-02
2.915284280936454707e+03 -2.327639442330267650e-02
2.915484949832775783e+03 -2.316629573925789443e-02
2.915685618729096859e+03 -2.301031629227353464e-02
2.915886287625417935e+03 -2.281020717105097101e-02
2.916086956521739012e+03 -2.256823863376106187e-02
2.916287625418060088e+03 -2.228713920536557619e-02
2.916488294314381164e+03 -2.197002213790213987e-02
2.916688963210702241e+03 -2.162030287378655102e-02
2.916889632107023317e+03 -2.124161152144794090e-02
2.917090301003344393e+03 -2.083770441320503125e-02
2.917290969899665470e+03 -2.041237857934375538e-02
2.917491638795986546e+03 -1.996939248271657752e-02
2.917692307692307622e+03 -1.951239568091270998e-02
2.917892976588628699e+03 -1.904486929678101542e-02
2.918093645484949775e+03 -1.857007836303851273e-02
2.918294314381270851e+03 -1.809103633470564299e-02
2.918494983277591928e+03 -1.761048139062503654e-02
2.918695652173913004e+03 -1.713086360934638203e-02
2.918896321070234080e+03 -1.665434172232533455e-02
2.919096989966555157e+03 -1.618278791806859046e-02
2.919297658862876233e+03 -1.571779908006558368e-02
2.919498327759197309e+03 -1.526071286552710404e-02
2.919698996655518386e+03 -1.481262714312469447e-02
2.919899665551839462e+03 -1.437442147756266136e-02
2.920100334448160538e+03 -1.394677955097305827e-02
2.920301003344481614e+03 -1.353021162400108723e-02
2.920501672240802691e+03 -1.312507634645689730e-02
2.920702341137123767e+03 -1.273160141704897386e-02
2.920903010033444843e+03 -1.234990275699483081e-02
2.921103678929765920e+03 -1.198000200027510287e-02
2.921304347826086996e+03 -1.162184221350133495e-02
2.921505016722408072e+03 -1.127530184274701253e-02
2.921705685618729149e+03 -1.094020694598740739e-02
2.921906354515050225e+03 -1.061634181162636470e-02
2.922107023411371301e+03 -1.030345808958200993e-02
2.922307692307692378e+03 -1.000128257490863481e-02
2.922508361204013454e+03 -9.709523788206594896e-03
2.922709030100334530e+03 -9.427877494563613459e-03
2.922909698996655607e+03 -9.156031295794953007e-03
2.923110367892976683e+03 -8.893668420888775628e-03
2.923311036789297759e+03 -8.640470828212190590e-03
2.923511705685618836e+03 -8.396121721059329746e-03
2.923712374581939912e+03 -8.160307566283567238e-03
2.923913043478260988e+03 -7.932719694425563461e-03
2.924113712374582065e+03 -7.713055549230518615e-03
2.924314381270903141e+03 -7.501019644913481388e-03
2.924515050167224217e+03 -7.296324280995442058e-03
2.924715719063545293e+03 -7.098690056988182784e-03
2.924916387959866370e+03 -6.907846222685087856e-03
2.925117056856187446e+03 -6.723530894098855848e-03
2.925317725752508522e+03 -6.545491160250938023e-03
2.925518394648829599e+03 -6.373483101867513656e-03
2.925719063545150675e+03 -6.207271739497283169e-03
2.925919732441471751e+03 -6.046630925626739206e-03
2.926120401337792828e+03 -5.891343192854295308e-03
2.926321070234113904e+03 -5.741199568078503290e-03
2.926521739130434980e+03 -5.595999360930803412e-03
2.926722408026756057e+03 -5.455549933200631862e-03
2.926923076923077133e+03 -5.319666454777952080e-03
2.927123745819398209e+03 -5.188171650646375421e-03
2.927324414715719286e+03 -5.060895542595186813e-03
2.927525083612040362e+03 -4.937675188629142564e-03
2.927725752508360983e+03 -4.818354422481893606e-03
2.927926421404682060e+03 -4.702783595136761363e-03
2.928127090301003136e+03 -4.590819319892150419e-03
2.928327759197324212e+03 -4.482324222158218241e-03
2.928528428093645289e+03 -4.377166694893339094e-03
2.928729096989966365e+03 -4.275220660403269979e-03
2.928929765886287441e+03 -4.176365338990489784e-03
2.929130434782608518e+03 -4.080485024838945152e-03
2.929331103678929594e+03 -3.987468869350363487e-03
2.929531772575250670e+03 -3.897210672088743943e-03
2.929732441471571747e+03 -3.809608679376311202e-03
2.929933110367892823e+03 -3.724565390533465803e-03
2.930133779264213899e+03 -3.641987371692120834e-03
2.930334448160534976e+03 -3.561785077084697604e-03
2.930535117056856052e+03 -3.483872677655847072e-03
2.930735785953177128e+03 -3.408167896833388943e-03
2.930936454849498205e+03 -3.334591853275309381e-03
2.931137123745819281e+03 -3.263068910379182674e-03
2.931337792642140357e+03 -3.193526532352566893e-03
2.931538461538461434e+03 -3.125895146612545084e-03
2.931739130434782510e+03 -3.060108012303150438e-03
2.931939799331103586e+03 -2.996101094690770128e-03
2.932140468227424662e+03 -2.933812945223032709e-03
2.932341137123745739e+03 -2.873184587017477143e-03
2.932541806020066815e+03 -2.814159405567714933e-03
2.932742474916387891e+03 -2.756683044444971364e-03
2.932943143812708968e+03 -2.700703305782786723e-03
2.933143812709030044e+03 -2.646170055339097660e-03
2.933344481605351120e+03 -2.593035131938536964e-03
2.933545150501672197e+03 -2.541252261091628273e-03
2.933745819397993273e+03 -2.490776972615710294e-03
2.933946488294314349e+03 -2.441566522060831246e-03
2.934147157190635426e+03 -2.393579815781129994e-03
2.934347826086956502e+03 -2.346777339471306512e-03
2.934548494983277578e+03 -2.301121090018537485e-03
2.934749163879598655e+03 -2.256574510502748487e-03
2.934949832775919731e+03 -2.213102428206367711e-03
2.935150501672240807e+03 -2.170670995488607757e-03
2.935351170568561884e+03 -2.129247633389758088e-03
2.935551839464882960e+03 -2.088800977832191985e-03
2.935752508361204036e+03 -2.049300828299446819e-03
2.935953177257525113e+03 -2.010718098870059589e-03
2.936153846153846189e+03 -1.973024771499534702e-03
2.936354515050167265e+03 -1.936193851436562863e-03
2.936555183946488341e+03 -1.900199324676249413e-03
2.936755852842809418e+03 -1.865016117347961799e-03
2.936956521739130494e+03 -1.830620056949588959e-03
2.937157190635451570e+03 -1.796987835337882089e-03
2.937357859531772647e+03 -1.764096973389750467e-03
2.937558528428093723e+03 -1.731925787252619475e-03
2.937759197324414799e+03 -1.700453356115599890e-03
2.937959866220735876e+03 -1.669659491419103747e-03
2.938160535117056952e+03 -1.639524707438652640e-03
2.938361204013378028e+03 -1.610030193179387559e-03
2.938561872909699105e+03 -1.581157785514153424e-03
2.938762541806020181e+03 -1.552889943509466741e-03
2.938963210702341257e+03 -1.525209723878359624e-03
2.939163879598662334e+03 -1.498100757518827653e-03
2.939364548494983410e+03 -1.471547227064870511e-03
2.939565217391304486e+03 -1.445533845426935637e-03
2.939765886287625563e+03 -1.420045835255762112e-03
2.939966555183946639e+03 -1.395068909298469162e-03
2.940167224080267715e+03 -1.370589251597373326e-03
2.940367892976588791e+03 -1.346593499495896129e-03
2.940568561872909868e+03 -1.323068726415133067e-03
2.940769230769230944e+03 -1.300002425361115876e-03
2.940969899665552020e+03 -1.277382493132403485e-03
2.941170568561873097e+03 -1.255197215193973315e-03
2.941371237458194173e+03 -1.233408651847386905e-03
2.941571906354515249e+03 -1.212032628242612486e-03
2.941772575250836326e+03 -1.191059303688790649e-03
2.941973244147157402e+03 -1.170478351306819542e-03
2.942173913043478478e+03 -1.150279767199530179e-03
2.942374581939799555e+03 -1.130453858692925806e-03
2.942575250836120176e+03 -1.110991233061728312e-03
2.942775919732441253e+03 -1.091882786712211617e-03
2.942976588628762329e+03 -1.073119694805266255e-03
2.943177257525083405e+03 -1.054693401305303868e-03
2.943377926421404482e+03 -1.036595609420654096e-03
2.943578595317725558e+03 -1.018818272438909434e-03
2.943779264214046634e+03 -1.001353584919928430e-03
2.943979933110367710e+03 -9.841939742446792483e-04
2.944180602006688787e+03 -9.673320924992040437e-04
2.944381270903009863e+03 -9.507608086726931917e-04
2.944581939799330939e+03 -9.344732011724032894e-04
2.944782608695652016e+03 -9.184625506237220627e-04
2.944983277591973092e+03 -9.027223329526740114e-04
2.945183946488294168e+03 -8.872462127390845499e-04
2.945384615384615245e+03 -8.720280368241795088e-04
2.945585284280936321e+03 -8.570618281640712821e-04
2.945785953177257397e+03 -8.423417799217208790e-04
2.945986622073578474e+03 -8.278622497790572021e-04
2.946187290969899550e+03 -8.136177544698225406e-04
2.946387959866220626e+03 -7.996029645169905331e-04
2.946588628762541703e+03 -7.858126991673042294e-04
2.946789297658862779e+03 -7.722419215189790798e-04
2.946989966555183855e+03 -7.588857338269999753e-04
2.947190635451504932e+03 -7.457393729849576269e-04
2.947391304347826008e+03 -7.327982061756527221e-04
2.947591973244147084e+03 -7.200577266789631725e-04
2.947792642140468161e+03 -7.075135498345180851e-04
2.947993311036789237e+03 -6.951614091528085515e-04
2.948193979933110313e+03 -6.829971525643407926e-04
2.948394648829431389e+03 -6.710167388107035613e-04
2.948595317725752466e+03 -6.592162339592727571e-04
2.948795986622073542e+03 -6.475918080468406890e-04
2.948996655518394618e+03 -6.361397318410538793e-04
2.949197324414715695e+03 -6.248563737187851075e-04
2.949397993311036771e+03 -6.137381966548061119e-04
2.949598662207357847e+03 -6.027817553139885876e-04
2.949799331103678924e+03 -5.919836932513078409e-04
2.950000000000000000e+03 -5.813407402032594318e-04
