2.890000000000000000e+03 -1.016819257025673717e-03
2.890200668896321076e+03 -1.057933660886009597e-03
2.890401337792642153e+03 -1.100029484226133780e-03
2.890602006688963229e+03 -1.143135807146672400e-03
2.890802675585284305e+03 -1.187282753468910101e-03
2.891003344481605382e+03 -1.232501534338625859e-03
2.891204013377926458e+03 -1.278824493885728775e-03
2.891404682274247534e+03 -1.326285157037650209e-03
2.891605351170568611e+03 -1.374918279610358451e-03
2.891806020066889687e+03 -1.424759900782571198e-03
2.892006688963210763e+03 -1.475847398085358697e-03
2.892207357859531839e+03 -1.528219545036298144e-03
2.892408026755852916e+03 -1.581916571551010564e-03
2.892608695652173992e+03 -1.636980227287081202e-03
2.892809364548495068e+03 -1.693453848065247513e-03
2.893010033444816145e+03 -1.751382425532924114e-03
2.893210702341137221e+03 -1.810812680240359018e-03
2.893411371237458297e+03 -1.871793138312177751e-03
2.893612040133779374e+03 -1.934374211895184548e-03
2.893812709030100450e+03 -1.998608283589595191e-03
2.894013377926421526e+03 -2.064549795076447980e-03
2.894214046822742603e+03 -2.132255340147617972e-03
2.894414715719063679e+03 -2.201783762388512256e-03
2.894615384615384755e+03 -2.273196257748411053e-03
2.894816053511705832e+03 -2.346556482258684018e-03
2.895016722408026908e+03 -2.421930665169852448e-03
2.895217391304347984e+03 -2.499387727793560277e-03
2.895418060200669061e+03 -2.578999408343989053e-03
2.895618729096990137e+03 -2.660840393098030943e-03
2.895819397993311213e+03 -2.744988454199168149e-03
2.896020066889632290e+03 -2.831524594450025856e-03
2.896220735785953366e+03 -2.920533199458244522e-03
2.896421404682274442e+03 -3.012102197501899392e-03
2.896622073578595518e+03 -3.106323227527185704e-03
2.896822742474916595e+03 -3.203291815658829145e-03
2.897023411371237671e+03 -3.303107560690562994e-03
2.897224080267558747e+03 -3.405874328958127806e-03
2.897424749163879824e+03 -3.511700459081591730e-03
2.897625418060200445e+03 -3.620698977045505584e-03
2.897826086956521522e+03 -3.732987822108020659e-03
2.898026755852842598e+03 -3.848690084038840220e-03
2.898227424749163674e+03 -3.967934252212652890e-03
2.898428093645484751e+03 -4.090854477081323770e-03
2.898628762541805827e+03 -4.216859459550859057e-03
2.898829431438126903e+03 -4.345664303446308829e-03
2.899030100334447980e+03 -4.478565024188453647e-03
2.899230769230769056e+03 -4.615720920976049135e-03
2.899431438127090132e+03 -4.757298465223408490e-03
2.899632107023411209e+03 -4.903471648507663760e-03
2.899832775919732285e+03 -5.054422346722008130e-03
2.900033444816053361e+03 -5.210340700892691912e-03
2.900234113712374437e+03 -5.371425515110550553e-03
2.900434782608695514e+03 -5.537884671928713920e-03
2.900635451505016590e+03 -5.709935565548648895e-03
2.900836120401337666e+03 -5.887805552986638546e-03
2.901036789297658743e+03 -6.071732423339047668e-03
2.901237458193979819e+03 -6.261964885088289190e-03
2.901438127090300895e+03 -6.458763071265576083e-03
2.901638795986621972e+03 -6.662399062043806997e-03
2.901839464882943048e+03 -6.873157424123574333e-03
2.902040133779264124e+03 -7.091335765972463234e-03
2.902240802675585201e+03 -7.317245307633807316e-03
2.902441471571906277e+03 -7.551211463424127579e-03
2.902642140468227353e+03 -7.793574435358059660e-03
2.902842809364548430e+03 -8.044689814566990949e-03
2.903043478260869506e+03 -8.304929187354426201e-03
2.903244147157190582e+03 -8.574680741714003906e-03
2.903444816053511659e+03 -8.854349869306693543e-03
2.903645484949832735e+03 -9.144359756799273764e-03
2.903846153846153811e+03 -9.445151959309207312e-03
2.904046822742474887e+03 -9.757186947295694301e-03
2.904247491638795964e+03 -1.008094461664246766e-02
2.904448160535117040e+03 -1.041692474984787231e-02
2.904648829431438116e+03 -1.076564741411192155e-02
2.904849498327759193e+03 -1.112765327973266882e-02
2.905050167224080269e+03 -1.150350383943302829e-02
2.905250836120401345e+03 -1.189378150614014279e-02
2.905451505016722422e+03 -1.229908956317855850e-02
2.905652173913043498e+03 -1.272005193682298335e-02
2.905852842809364574e+03 -1.315731275664491773e-02
2.906053511705685651e+03 -1.361153566401840723e-02
2.906254180602006727e+03 -1.408340282349079473e-02
2.906454849498327803e+03 -1.457361358544841806e-02
2.906655518394648880e+03 -1.508288274156954073e-02
2.906856187290969956e+03 -1.561193830696922663e-02
2.907056856187291032e+03 -1.616151875465841534e-02
2.907257525083612109e+03 -1.673236961907357753e-02
2.907458193979933185e+03 -1.732523937593864402e-02
2.907658862876254261e+03 -1.794087449582049479e-02
2.907859531772575338e+03 -1.858001355849219979e-02
2.908060200668896414e+03 -1.924338030496122037e-02
2.908260869565217490e+03 -1.993167549402219407e-02
2.908461538461538566e+03 -2.064556742093004091e-02
2.908662207357859643e+03 -2.138568094786779533e-02
2.908862876254180719e+03 -2.215258489004785086e-02
2.909063545150501795e+03 -2.294677759850375504e-02
2.909264214046822872e+03 -2.376867058211044187e-02
2.909464882943143948e+03 -2.461857001853989813e-02
2.909665551839465024e+03 -2.549665601851343333e-02
2.909866220735786101e+03 -2.640295953180420152e-02
2.910066889632107177e+03 -2.733733681942582955e-02
2.910267558528428253e+03 -2.829944146681904332e-02
2.910468227424749330e+03 -2.928869398055510692e-02
2.910668896321070406e+03 -3.030424909896931029e-02
2.910869565217391482e+03 -3.134496105818639772e-02
2.911070234113712559e+03 -3.240934719170021627e-02
2.911270903010033635e+03 -3.349555040605659700e-02
2.911471571906354711e+03 -3.460130126799418337e-02
2.911672240802675788e+03 -3.572388065893838949e-02
2.911872909698996864e+03 -3.686008419773672412e-02
2.912073578595317940e+03 -3.800618989590899555e-02
2.912274247491639017e+03 -3.915793078116797804e-02
2.912474916387959638e+03 -4.031047448999512672e-02
2.912675585284280714e+03 -4.145841206844266130e-02
2.912876254180601791e+03 -4.259575840665314611e-02
2.913076923076922867e+03 -4.371596683613665490e-02
2.913277591973243943e+03 -4.481196040438965855e-02
2.913478260869565020e+03 -4.587618217199581488e-02
2.913678929765886096e+03 -4.690066651652474022e-02
2.913879598662207172e+03 -4.787713284458367663e-02
2.914080267558528249e+03 -4.879710228866105531e-02
2.914280936454849325e+03 -4.965203689660418335e-02
2.914481605351170401e+03 -5.043349953063578500e-02
2.914682274247491478e+03 -5.113333123086623300e-02
2.914882943143812554e+03 -5.174384124948137875e-02
2.915083612040133630e+03 -5.225800344225563915e-02
2.915284280936454707e+03 -5.266965135663731479e-02
2.915484949832775783e+03 -5.297366333835156621e-02
2.915685618729096859e+03 -5.316612844718837660e-02
2.915886287625417935e+03 -5.324448406007427359e-02
2.916086956521739012e+03 -5.320761683171811030e-02
2.916287625418060088e+03 -5.305592019910174151e-02
2.916488294314381164e+03 -5.279130379365597203e-02
2.916688963210702241e+03 -5.241715281746517352e-02
2.916889632107023317e+03 -5.193823842631709042e-02
2.917090301003344393e+03 -5.136058317063899731e-02
2.917290969899665470e+03 -5.069128828642643914e-02
2.917491638795986546e+03 -4.993833183521293601e-02
2.917692307692307622e+03 -4.911034815778607399e-02
2.917892976588628699e+03 -4.821639971191700458e-02
2.918093645484949775e+03 -4.726575209327164850e-02
2.918294314381270851e+03 -4.626766197493963062e-02
2.918494983277591928e+03 -4.523118601057632415e-02
2.918695652173913004e+03 -4.416501664819089124e-02
2.918896321070234080e+03 -4.307734853407044900e-02
2.919096989966555157e+03 -4.197577697286834081e-02
2.919297658862876233e+03 -4.086722793444890617e-02
2.919498327759197309e+03 -3.975791748838512080e-02
2.919698996655518386e+03 -3.865333737016173055e-02
2.919899665551839462e+03 -3.755826264966691252e-02
2.920100334448160538e+03 -3.647677714779611058e-02
2.920301003344481614e+03 -3.541231226545475674e-02
2.920501672240802691e+03 -3.436769516953416120e-02
2.920702341137123767e+03 -3.334520273791109074e-02
2.920903010033444843e+03 -3.234661822249941532e-02
2.921103678929765920e+03 -3.137328818037033590e-02
2.921304347826086996e+03 -3.042617779846847753e-02
2.921505016722408072e+03 -2.950592326316181513e-02
2.921705685618729149e+03 -2.861288028174858999e-02
2.921906354515050225e+03 -2.774716824041338625e-02
2.922107023411371301e+03 -2.690870978175731107e-02
2.922307692307692378e+03 -2.609726581056073108e-02
2.922508361204013454e+03 -2.531246609780482895e-02
2.922709030100334530e+03 -2.455383576059459380e-02
2.922909698996655607e+03 -2.382081796017793476e-02
2.923110367892976683e+03 -2.311279319163994650e-02
2.923311036789297759e+03 -2.242909554572276518e-02
2.923511705685618836e+03 -2.176902631303301305e-02
2.923712374581939912e+03 -2.113186527939259207e-02
2.923913043478260988e+03 -2.051688003289305062e-02
2.924113712374582065e+03 -1.992333357174864983e-02
2.924314381270903141e+03 -1.935049046966915917e-02
2.924515050167224217e+03 -1.879762182393139233e-02
2.924715719063545293e+03 -1.826400918162401563e-02
2.924916387959866370e+03 -1.774894761231845391e-02
2.925117056856187446e+03 -1.725174807093137613e-02
2.925317725752508522e+03 -1.677173917289143806e-02
2.925518394648829599e+03 -1.630826848481828698e-02
2.925719063545150675e+03 -1.586070341751330895e-02
2.925919732441471751e+03 -1.542843179405329126e-02
2.926120401337792828e+03 -1.501086215379530617e-02
2.926321070234113904e+03 -1.460742384295986296e-02
2.926521739130434980e+03 -1.421756693392084436e-02
2.926722408026756057e+03 -1.384076200813086355e-02
2.926923076923077133e+03 -1.347649983160659898e-02
2.927123745819398209e+03 -1.312429094685957712e-02
2.927324414715719286e+03 -1.278366520096586856e-02
2.927525083612040362e+03 -1.245417122598631299e-02
2.927725752508360983e+03 -1.213537588502330150e-02
2.927926421404682060e+03 -1.182686369481322081e-02
2.928127090301003136e+03 -1.152823623373299550e-02
2.928327759197324212e+03 -1.123911154242718258e-02
2.928528428093645289e+03 -1.095912352291477515e-02
2.928729096989966365e+03 -1.068792134085938539e-02
2.928929765886287441e+03 -1.042516883474811640e-02
2.929130434782608518e+03 -1.017054393494615239e-02
2.929331103678929594e+03 -9.923738094934374254e-03
2.929531772575250670e+03 -9.684455736506565604e-03
2.929732441471571747e+03 -9.452413710243058598e-03
2.929933110367892823e+03 -9.227340772237670186e-03
2.930133779264213899e+03 -9.008977077722184201e-03
2.930334448160534976e+03 -8.797073692009119150e-03
2.930535117056856052e+03 -8.591392118953683488e-03
2.930735785953177128e+03 -8.391703846981665715e-03
2.930936454849498205e+03 -8.197789912590680572e-03
2.931137123745819281e+03 -8.009440481123585032e-03
2.931337792642140357e+03 -7.826454444529305776e-03
2.931538461538461434e+03 -7.648639035760469718e-03
2.931739130434782510e+03 -7.475809459396562384e-03
2.931939799331103586e+03 -7.307788538054471594e-03
2.932140468227424662e+03 -7.144406374105335966e-03
2.932341137123745739e+03 -6.985500026206514779e-03
2.932541806020066815e+03 -6.830913200139558661e-03
2.932742474916387891e+03 -6.680495953439086199e-03
2.932943143812708968e+03 -6.534104413293925773e-03
2.933143812709030044e+03 -6.391600507207557957e-03
2.933344481605351120e+03 -6.252851705907024049e-03
2.933545150501672197e+03 -6.117730777992554103e-03
2.933745819397993273e+03 -5.986115555843905811e-03
2.933946488294314349e+03 -5.857888712297046330e-03
2.934147157190635426e+03 -5.732937547621413943e-03
2.934347826086956502e+03 -5.611153786349167005e-03
2.934548494983277578e+03 -5.492433383511310940e-03
2.934749163879598655e+03 -5.376676339854447040e-03
2.934949832775919731e+03 -5.263786525639205238e-03
2.935150501672240807e+03 -5.153671512609848959e-03
2.935351170568561884e+03 -5.046242413765909818e-03
2.935551839464882960e+03 -4.941413730574488461e-03
2.935752508361204036e+03 -4.839103207264612572e-03
2.935953177257525113e+03 -4.739231691874408459e-03
2.936153846153846189e+03 -4.641723003736275555e-03
2.936354515050167265e+03 -4.546503807081797577e-03
2.936555183946488341e+03 -4.453503490492970174e-03
2.936755852842809418e+03 -4.362654051894218621e-03
2.936956521739130494e+03 -4.273889988849165211e-03
2.937157190635451570e+03 -4.187148193886214287e-03
2.937357859531772647e+03 -4.102367854619794196e-03
2.937558528428093723e+03 -4.019490358436128563e-03
2.937759197324414799e+03 -3.938459201523317188e-03
2.937959866220735876e+03 -3.859219902034971561e-03
2.938160535117056952e+03 -3.781719917198111958e-03
2.938361204013378028e+03 -3.705908564153863327e-03
2.938561872909699105e+03 -3.631736944380077603e-03
2.938762541806020181e+03 -3.559157871502766080e-03
2.938963210702341257e+03 -3.488125802339141213e-03
2.939163879598662334e+03 -3.418596771021437108e-03
2.939364548494983410e+03 -3.350528326052766570e-03
2.939565217391304486e+03 -3.283879470149443647e-03
2.939765886287625563e+03 -3.218610602743546267e-03
2.939966555183946639e+03 -3.154683465019486599e-03
2.940167224080267715e+03 -3.092061087353978333e-03
2.940367892976588791e+03 -3.030707739060528594e-03
2.940568561872909868e+03 -2.970588880317454050e-03
2.940769230769230944e+03 -2.911671116179855023e-03
2.940969899665552020e+03 -2.853922152585640359e-03
2.941170568561873097e+03 -2.797310754244268505e-03
2.941371237458194173e+03 -2.741666818649284021e-03
2.941571906354515249e+03 -2.687101518371148856e-03
2.941772575250836326e+03 -2.633590731715526601e-03
2.941973244147157402e+03 -2.581106937959654068e-03
2.942173913043478478e+03 -2.529623494721612575e-03
2.942374581939799555e+03 -2.479114605317529751e-03
2.942575250836120176e+03 -2.429555287484154447e-03
2.942775919732441253e+03 -2.380921343399941548e-03
2.942976588628762329e+03 -2.333189330958086727e-03
2.943177257525083405e+03 -2.286336536215224924e-03
2.943377926421404482e+03 -2.240340946988911286e-03
2.943578595317725558e+03 -2.195181227520083544e-03
2.943779264214046634e+03 -2.150836694180466302e-03
2.943979933110367710e+03 -2.107287292164583548e-03
2.944180602006688787e+03 -2.064513573119361456e-03
2.944381270903009863e+03 -2.022496673680651558e-03
2.944581939799330939e+03 -1.981218294864278695e-03
2.944782608695652016e+03 -1.940660682288333772e-03
2.944983277591973092e+03 -1.900806607170159312e-03
2.945183946488294168e+03 -1.861639348085031287e-03
2.945384615384615245e+03 -1.823142673438554739e-03
2.945585284280936321e+03 -1.785300824625940530e-03
2.945785953177257397e+03 -1.748098499854057464e-03
2.945986622073578474e+03 -1.711520838584217052e-03
2.946187290969899550e+03 -1.675553406587287908e-03
2.946387959866220626e+03 -1.640182181564003860e-03
2.946588628762541703e+03 -1.605393539325955521e-03
2.946789297658862779e+03 -1.571174240500052000e-03
2.946989966555183855e+03 -1.537511417737912056e-03
2.947190635451504932e+03 -1.504392563412497441e-03
2.947391304347826008e+03 -1.471805517776050842e-03
2.947591973244147084e+03 -1.439738457565113705e-03
2.947792642140468161e+03 -1.408179885026873690e-03
2.947993311036789237e+03 -1.377118617359347763e-03
2.948193979933110313e+03 -1.346543776537832693e-03
2.948394648829431389e+03 -1.316444779519199137e-03
2.948595317725752466e+03 -1.286811328806092281e-03
2.948795986622073542e+03 -1.257633403351082757e-03
2.948996655518394618e+03 -1.228901249803092399e-03
2.949197324414715695e+03 -1.200605374054863894e-03
2.949397993311036771e+03 -1.172736533109834667e-03
2.949598662207357847e+03 -1.145285727234095219e-03
2.949799331103678924e+03 -1.118244192389344915e-03
2.950000000000000000e+03 -1.091603392936145445e-03
