30.55899495165974    -0.01930895439689343
30.793336606453387    -0.01943787144459593
31.02764767792395    -0.019485339542323343
31.2619893327176    -0.019614256590025844
31.496300404188162    -0.019661724687753256
31.730635942317193    -0.01977435194546074
31.964977597110842    -0.019903268993163237
32.1992886685814    -0.019950737090890652
32.43360585671659    -0.020014494978613084
32.66791081152253    -0.020045673286345482
32.902252466316185    -0.020174590334047976
33.136588004445215    -0.02028721759175546
33.37091130924501    -0.020367265269472908
33.60522849738019    -0.02043102315719534
33.83961296882615    -0.020673968734862956
34.07394239029057    -0.02077030620257542
34.30829016174883    -0.02091551304027293
34.54262569987786    -0.021028140297980415
34.79242049615905    -0.02071388163966795
35.020052169868215    -0.020935542740997987
35.2366488245485    -0.02107641306568608
35.47994950240013    -0.021429779958825293
35.71424834054147    -0.021444668476562668
35.94863281198743    -0.021687614054230284
36.182956116787224    -0.02176766173194774
36.41732223823934    -0.021961737939630303
36.65169447635607    -0.02217210393730788
36.88601778115587    -0.022252151615025334
37.12037778594337    -0.022429938032712878
37.354719440737014    -0.022558855080415375
37.58906109553066    -0.02268777212811788
37.82339663365969    -0.022800399385825353
38.05775663844719    -0.022978185803512907
38.29213499322854    -0.023204841591185504
38.52650111468065    -0.023398917798868067
38.76086723613277    -0.023592994006550634
38.99517219093871    -0.023624172314283032
39.22953219572621    -0.02380195873197058
39.46392278383679    -0.02406119409963321
39.698276671959675    -0.024222690727325746
39.93267337673487    -0.024498215884983392
40.16702114819313    -0.024643422722680906
40.401399502974485    -0.02487007851035351
40.635747274432745    -0.025015285348051027
40.870125629214094    -0.02524194113572362
41.10449786733082    -0.025452307133401204
41.33890680543525    -0.025760411871048886
41.573279043551985    -0.025970777868726466
41.80766351499795    -0.026213723446394083
42.04202963645006    -0.02640779965407665
42.27642634122526    -0.026683324811734296
42.51083527932969    -0.026991429549381978
42.745238100769505    -0.027283244497034648
42.97960422222162    -0.027477320704717208
43.213994810332196    -0.02773655607237984
43.44840986510125    -0.028060950600022547
43.682843269864144    -0.02843421449765029
43.91722162464549    -0.02866087028532289
44.15163056274992    -0.02896897502297057
44.38606396751282    -0.029342238920598326
44.63997497324779    -0.029590769152076063
44.824876267414425    -0.03040733853263808
45.05915230707855    -0.030361510560394045
45.26511226734392    -0.03053699867926509
45.519102687774506    -0.03099702468417813
45.75352997587278    -0.031353998791810854
45.9879694973003    -0.03174355247943362
46.222421252057046    -0.03216568574704643
46.45681795683224    -0.032441210904704074
46.69126359492437    -0.032847054382321855
46.92573369967497    -0.03331805701991971
47.16016098777325    -0.03367503112755244
47.39460662586538    -0.03408087460517022
47.62909508060983    -0.03460074661275313
47.86350401871426    -0.0349088513504008
48.09791907348331    -0.0352332458780435
48.33241364489237    -0.03576940767562142
48.566804233002955    -0.03602864304328405
48.80120705444277    -0.036320457990936715
49.035640459205666    -0.03669372188856447
49.27007998063318    -0.037083275576187236
49.50446445207914    -0.037326221153854845
49.73881222353741    -0.03747142799155237
49.97317834498952    -0.03766550419923493
50.207550583106254    -0.037875870196912506
50.44184942124758    -0.03789075871464989
50.676093209407355    -0.03775903912243212
50.91030029757944    -0.037529580790244245
51.14449515242229    -0.03726754287806635
51.37864719061282    -0.036891476435923325
51.6126707788464    -0.03617332440388495
51.86068143143983    -0.035564463267035884
